pose:(0.020000489591762038, -0.0009795915545759658, -0.049000416614586498)
pose:(0.039579873646777175, -0.002896772754819932, -0.09798344087523779)
pose:(0.058693925420889026, -0.0038367553632286679, -0.048940173790243686)
pose:(0.075945703324728497, -0.004534533207170721, -0.095572184388467596)
pose:(0.091121451821754129, -0.0025973542199456781, -0.040630001851119819)
pose:(0.1045533908145414, -0.002039921042105266, -0.088979483202034415)
pose:(0.12238985003793057, -0.0027552119197596448, -0.039940765057971707)
pose:(0.13221647925447111, -0.0010062993900495157, -0.089185439596527388)
pose:(0.1407536915868447, 0.0014367641503913824, -0.0354213287108728)
pose:(0.14835626186846895, 0.0019490704629506637, -0.084439021858135427)
pose:(0.15503119672053489, 0.0012977715886007483, -0.029016075096362559)
pose:(0.16078564155926423, 0.0052564975949950373, -0.083151833322724744)
pose:(0.16971900360108827, 0.01299014351641796, -0.036110304073514614)
pose:(0.1863039317051266, 0.011577951866152607, -0.085103276098296488)
pose:(0.19227257161364619, 0.011860326335962637, -0.035026546708827655)
pose:(0.19990096157932979, 0.01697982586080438, -0.091440676988667369)
pose:(0.20890357408477211, 0.017735720221759808, -0.042542706241204487)
pose:(0.2190481835779392, 0.015966005161745074, -0.094084839231348583)
pose:(0.2299643691204345, 0.013471032909199484, -0.040897785660026872)
pose:(0.24276304783592018, 0.015826594322996154, -0.098086491716339971)
pose:(0.25538134629354592, 0.013210280574961358, -0.047057204977714817)
pose:(0.26827104390072465, 0.013304460073034121, -0.10114721014265492)
pose:(0.28284642732073395, 0.012542767818082152, -0.052112296736057308)
pose:(0.29374535321107564, 0.016498509512196342, -0.10934582846110656)
pose:(0.30529210358077585, 0.018616297322811889, -0.060695871487194492)
pose:(0.31664578341116667, 0.013166529467511064, -0.11070862847273766)
pose:(0.32828622366290217, 0.015016930149538983, -0.061607885714426852)
pose:(0.34129064849869617, 0.014404744257750219, -0.11665194295408171)
pose:(0.35319485596812839, 0.017389522163114086, -0.069251608101490239)
pose:(0.3654342351382357, 0.014710873006079624, -0.12190956688553731)
pose:(0.37741273140519693, 0.013381915784053356, -0.070011546857422571)
pose:(0.38982497360246737, 0.011902482095200289, -0.11899504647315418)
pose:(0.40184656865871837, 0.010655626617224983, -0.067988808272752083)
pose:(0.41316041191797526, 0.013006233832292354, -0.026320415905236816)
pose:(0.42525993803728435, 0.013923209459306782, -0.085905980156361014)
pose:(0.43801546311433204, 0.015480942962894336, -0.044218006981609277)
pose:(0.45036348491390887, 0.015237583533608786, -0.10163866662345823)
pose:(0.46172722484245532, 0.015722287218082203, -0.058122829530121607)
pose:(0.47246437031060984, 0.014570085704170224, -0.10711285594018483)
pose:(0.48285401695158736, 0.015175282915766662, -0.060923848936593583)
pose:(0.49327253510774116, 0.013757971536504118, -0.11715125980798657)
pose:(0.50439092263673335, 0.016202426998801658, -0.073792382320744268)
pose:(0.51537706357539848, 0.016371596438053217, -0.12979481012129193)
pose:(0.52693311559036904, 0.01683550067467934, -0.079643674287691882)
pose:(0.53812298943928205, 0.014071390462905904, -0.13107964265950797)
pose:(0.54909103397217773, 0.01240279326605667, -0.077894255207915389)
pose:(0.55905091162375675, 0.011235473260615782, -0.1268771529481551)
pose:(0.56967974507572827, 0.01268602641133198, -0.079118179914747511)
pose:(0.5797512207062907, 0.01210755634884427, -0.033482762380869037)
pose:(0.59045156151866274, 0.013054376508644805, -0.093179962123692367)
pose:(0.60062785625572479, 0.0132124558231804, -0.04736656767362861)
pose:(0.6102341741112004, 0.012194566723309166, -0.10493240857663222)
pose:(0.62006078568512191, 0.012945293703870327, -0.059497135710449775)
pose:(0.62980182791297024, 0.012794811198514356, -0.11754570204245944)
pose:(0.63919921092142884, 0.012610620675918966, -0.069484723705125831)
pose:(0.64803256326381686, 0.012944899342680097, -0.12731408811596304)
pose:(0.65663659258994378, 0.013351301987176403, -0.082211526970809315)
pose:(0.66587933711484004, 0.013207799481572371, -0.14041343053935848)
pose:(0.67477027932436595, 0.01382086832148954, -0.094579731511954951)
pose:(0.68430101593378923, 0.013410125728660493, -0.14682994547725203)
pose:(0.69290328966905168, 0.01307826172730101, -0.095965197443383152)
pose:(0.70148958304500419, 0.012665293975917782, -0.051288680648260677)
pose:(0.71020781182348869, 0.012018775098530112, -0.10825405825397019)
pose:(0.71902542063514741, 0.011511210484580666, -0.061131843886418853)
pose:(0.72777899131359736, 0.011663527896367326, -0.11872658120196224)
pose:(0.73652577715107603, 0.012304850755784592, -0.072313351594248565)
pose:(0.74554163585351652, 0.012144761404470314, -0.12830862466037785)
pose:(0.75450368727597561, 0.012358168710065993, -0.079713848415210939)
pose:(0.76301220018431948, 0.011467309617146699, -0.13294474345767462)
pose:(0.77188123558655641, 0.011450991843427471, -0.084759903750655285)
pose:(0.78012647513906908, 0.010916706405873888, -0.13901641705825452)
pose:(0.78907472567264048, 0.01067677027783012, -0.091076560736336354)
pose:(0.79806149005527449, 0.010028606702894471, -0.14303606688378862)
pose:(0.80784756409233427, 0.0094030837047274982, -0.091209587424682409)
pose:(0.81766323003337071, 0.008661905965863791, -0.14605341793782406)
pose:(0.82759527673181654, 0.0080154634015835134, -0.097011286525994139)
pose:(0.83638455584645244, 0.007342378917866048, -0.14935890844918437)
pose:(0.84558319815066352, 0.0068083868013794667, -0.097818660601921431)
pose:(0.8551218154214496, 0.0062310742125280651, -0.053856008761652759)
pose:(0.8648770987776695, 0.0054493125049106519, -0.11146419560788459)
pose:(0.87431124645207747, 0.0053250830558416286, -0.066336168186556188)
pose:(0.88429224124864525, 0.004729732356792588, -0.11532790184741565)
pose:(0.89248756937040219, 0.0044615139716328066, -0.067403316621751752)
pose:(0.90080105760741691, 0.0042034592827568107, -0.12468293251221262)
pose:(0.90993325645286094, 0.0035568359636535441, -0.078414155696906102)
pose:(0.91881387368410383, 0.0031344366313395917, -0.13380736263853998)
pose:(0.92792436637588682, 0.0026305992704181136, -0.087915348490336387)
pose:(0.93717734789873308, 0.0023896763905984749, -0.14170471439614579)
pose:(0.94711424647575304, 0.001952667449512798, -0.092660178924502429)
pose:(0.95532177223267623, 0.0017673532383220879, -0.046574875688538665)
pose:(0.96384060552007034, 0.0017102618908367403, -0.10367040135003529)
pose:(0.97271218215934141, 0.0012502315596293033, -0.058435594663048804)
pose:(0.98150985475255426, 0.00096920975242524977, -0.1144634527945162)
pose:(0.99021432573033341, 0.00046599394219540448, -0.068086207965905157)
pose:(0.99872742202196196, 6.6525759295412627e-05, -0.12240598550065127)
pose:(0.99872742202196196, 6.6525759295412627e-05, -0.12240598550065127)
pose:(0.99745537815377672, 4.315771157435635e-05, -0.24485747657259527)
pose:(0.99781482905698293, -6.8805724574943911e-05, -0.35507951022833406)
pose:(0.9987665336433208, -0.00023446567445592424, -0.45345703719086555)
pose:(1.0007981055835491, -6.1683800630118178e-05, -0.53922289326944606)
pose:(1.0031617643657058, -0.00025312605259729577, -0.61571676847241086)
pose:(1.0064616500079664, -0.00042483192275855714, -0.6851133598327811)
pose:(1.0099721511122497, -0.00053761595606237984, -0.74845418775532013)
pose:(1.0143616640512263, -0.00087491487828805596, -0.80525958518790719)
pose:(1.0190611710112172, -0.0011468625379265776, -0.85782928487287746)
pose:(1.0239335130170477, -0.0013425811212058295, -0.90936061461658313)
pose:(1.0282030056924816, -0.0013237810381633037, -0.96160366777011619)
pose:(1.0321909428303573, -0.001477431676288137, -1.0150511461073934)
pose:(1.0321909428303573, -0.001477431676288137, -1.1350511461073935)
pose:(1.0321909428303573, -0.001477431676288137, -1.2550511461073937)
pose:(1.0321909428303573, -0.001477431676288137, -1.3750511461073938)
pose:(1.0321909428303573, -0.001477431676288137, -1.4950511461073939)
pose:(1.0321909428303573, -0.001477431676288137, -1.615051146107394)
pose:(1.0321909428303573, -0.001477431676288137, -1.7350511461073941)
pose:(1.0321909428303573, -0.001477431676288137, -1.8550511461073942)
pose:(1.0321909428303573, -0.001477431676288137, -1.9750511461073943)
pose:(1.0321909428303573, -0.001477431676288137, -2.0950511461073944)
pose:(1.0321909428303573, -0.001477431676288137, -2.2150511461073945)
pose:(1.0321909428303573, -0.001477431676288137, -2.3350511461073946)
pose:(1.0321909428303573, -0.001477431676288137, -2.4550511461073947)
pose:(1.0321909428303573, -0.001477431676288137, -2.5750511461073948)
pose:(1.0321909428303573, -0.001477431676288137, -2.6950511461073949)
pose:(1.0321909428303573, -0.001477431676288137, -2.815051146107395)
pose:(1.0321909428303573, -0.001477431676288137, -2.9350511461073951)
pose:(1.0321909428303573, -0.001477431676288137, -3.0550511461073953)
pose:(1.0321909428303573, -0.001477431676288137, -3.1750511461073954)
pose:(1.0321909428303573, -0.001477431676288137, -3.2950511461073955)
pose:(1.0321909428303573, -0.001477431676288137, -3.4150511461073956)
pose:(1.0321909428303573, -0.001477431676288137, -3.5350511461073957)
pose:(1.0321909428303573, -0.001477431676288137, -3.6550511461073958)
pose:(1.0321909428303573, -0.001477431676288137, -3.7750511461073959)
pose:(1.0321909428303573, -0.001477431676288137, -3.895051146107396)
pose:(1.0321909428303573, -0.001477431676288137, -4.0150511461073961)
pose:(1.0321909428303573, -0.001477431676288137, -4.1350511461073962)
pose:(1.0321909428303573, -0.001477431676288137, -4.2550511461073963)
pose:(1.0321909428303573, -0.001477431676288137, -4.3750511461073964)
pose:(1.0321909428303573, -0.001477431676288137, -4.4950511461073965)
pose:(1.0305675785196331, 0.018433476835309159, 1.6191000253396062)
pose:(1.0309051244248804, 0.038430359053272189, 1.5700867427818939)
pose:(1.033181810019862, 0.058467730533412254, 1.521092349741398)
pose:(1.03353744771875, 0.078432252767050015, 1.5701200202113486)
pose:(1.0357912121744026, 0.098473129230606915, 1.5211262200643645)
pose:(1.0361629861035073, 0.11843691873255136, 1.5701546393279733)
pose:(1.0383922873403582, 0.13848134971675274, 1.5211614528566781)
pose:(1.0387786154301866, 0.15844439394860288, 1.5701906539657449)
pose:(1.0409817924744784, 0.17849241972474017, 1.5211981025217403)
pose:(1.0413809714538482, 0.19845469671770988, 1.5702281200831754)
pose:(1.0435562374757947, 0.2185063465516297, 1.5212362255871172)
pose:(1.0439664357894869, 0.23846782321581173, 1.5702670958424416)
pose:(0.8584192579144212, 0.41024576198802598, 1.4587030272086494)
pose:(0.70782403302582408, 0.56135230975783346, 1.2663065381310366)
pose:(0.7565282143382811, 0.54310164496737978, 1.3371420272489858)
pose:(0.62960634644100122, 0.67877996459027701, 1.2617412718571819)
pose:(0.67102294617743441, 0.66163407940986296, 1.2259571242459306)
pose:(0.53811510394443496, 0.7828849745865627, 1.1538918517037198)
pose:(0.59689565293201219, 0.76257486545985209, 1.2288518429861495)
pose:(0.47282095050080375, 0.87016807195215518, 1.0589906795821202)
pose:(0.55033811723728521, 0.83288926786858042, 1.1466801295081146)
pose:(0.42906499775150531, 0.92838347433103441, 0.98436396698339979)
pose:(0.3195218484967437, 1.0172784740151439, 0.93648578645398428)
pose:(0.36536929082640535, 0.9808859590035881, 0.91776332766512581)
pose:(0.2731003135549448, 1.063904229767779, 0.87992415893709408)
pose:(0.17860701108117372, 1.1386289732237973, 0.74231732994892896)
pose:(0.101190175435937, 1.208252797583794, 0.61950792822582024)
pose:(0.032673945074408128, 1.2737412827458874, 0.60590197287894754)
pose:(-0.012107597025876382, 1.3325658058230174, 0.50167791455673294)
pose:(-0.066561418895808133, 1.3812455170777733, 0.40292322653044088)
pose:(-0.11190543770448391, 1.4266496036936771, 0.4122429739528034)
pose:(-0.1614306234444256, 1.4641677430682807, 0.31941099829187114)
pose:(-0.14269840215409113, 1.471005732431188, 0.36845990846629417)
pose:(-0.17668430354559428, 1.5017867675475305, 0.28462283059752724)
pose:(-0.042527877619382926, 1.4205725582235884, 0.44411601690417801)
pose:(0.08555064918256805, 1.3479856055701647, 0.49175193374725878)
pose:(0.19654372973162593, 1.2912408141229175, 0.62927806495850813)
pose:(0.21210884765836913, 1.3036973215482572, 0.67831786007992412)
pose:(0.31029737989792816, 1.2567129403985822, 0.69791061923214592)
pose:(0.41386284012246433, 1.2181660334240365, 0.81816583756386596)
pose:(0.42645807757157628, 1.2330036949687124, 0.86721305766731238)
pose:(0.49371876864157438, 1.2007313414529195, 0.95596193035735322)
pose:(0.56597057018442354, 1.1718095714017691, 1.0430467656561604)
pose:(0.62454525550455342, 1.148465056263773, 1.1179551320529568)
pose:(0.66949990195079745, 1.1309046976701418, 1.1797411511263713)
pose:(0.71124114222078649, 1.1172588072729637, 1.2360206482417069)
pose:(0.74580067350472301, 1.1091448751700215, 1.1840199408182144)
pose:(0.77432002127491428, 1.102854262896487, 1.2356409714999044)
pose:(0.809898439632741, 1.0980302309552457, 1.2903400951071824)
pose:(0.83735438806037221, 1.0938067102886815, 1.3394724596103815)
pose:(0.8583358447705296, 1.0941881288763109, 1.3810350882156506)
pose:(0.88642700236411287, 1.0980928622546819, 1.4276317632067619)
pose:(0.88990386468606431, 1.1159771145389983, 1.378637881585457)
pose:(0.90955744928638227, 1.1198650451215535, 1.4241513474134022)
pose:(0.91536919000231587, 1.1244659988161754, 1.4622333121518858)
pose:(0.93043766293260444, 1.1301427913824318, 1.4068311880124802)
pose:(0.95001748950842813, 1.136749530506576, 1.4611622440856151)
pose:(0.96229973817823422, 1.1440236729133024, 1.5068119600762315)
pose:(0.98093199147541454, 1.1541064172870148, 1.4543160004759423)
pose:(0.99127344771174219, 1.1619326290435348, 1.5055546482531932)
pose:(0.99624201824686143, 1.1713274806320362, 1.5515306243622027)
pose:(0.99009565794884169, 1.1802239508919687, 1.4889763029750105)
pose:(1.0071569735675809, 1.1908159846825359, 1.5501504191176207)
pose:(1.0060418276557281, 1.2034973835979694, 1.4940011918255767)
pose:(1.0060718215947086, 1.2143926164112835, 1.5441631158699649)
pose:(1.0112487703179289, 1.2256151989194095, 1.4970858137743057)
pose:(1.0116316399831404, 1.2410517038549744, 1.546123137909758)
pose:(1.0060413014298235, 1.2516183315477236, 1.4911648675760207)
pose:(1.004399828472369, 1.2634325890006104, 1.5461543551913297)
pose:(1.0061127884893251, 1.2768777212351381, 1.4998718192748641)
pose:(1.0205058980928157, 1.290364233802173, 1.5668758944352468)
pose:(1.0306656235312026, 1.3044762027830772, 1.5272421614467926)
pose:(1.0305912009506883, 1.3183571885231, 1.5762792006116204)
pose:(1.0361822764353372, 1.3306987523545573, 1.532068404043788)
pose:(1.0445104579991766, 1.3429031912303979, 1.5918706757385344)
pose:(1.0356648171298672, 1.3543335826286178, 1.5371104130838225)
pose:(1.0323095644803253, 1.3662142691548782, 1.5892758306767871)
pose:(1.0313235679107458, 1.3782701862008695, 1.5365588316100962)
pose:(1.0391380707790756, 1.3904294541737001, 1.5964091808708196)
pose:(1.0445368442942427, 1.40265323004289, 1.5490087133031059)
pose:(1.0442135346301169, 1.4145871896587541, 1.5980497323961076)
pose:(1.041998228140133, 1.42562430476657, 1.5456127542736147)
pose:(1.0412830446348356, 1.4360259817764003, 1.5959614645318554)
pose:(1.0429361898696217, 1.4465138303367389, 1.6453207081334595)
pose:(1.0423201658597607, 1.4589240193811959, 1.5894283914171878)
pose:(1.0364812115921851, 1.4694824136225304, 1.6316207914501073)
pose:(1.0363542305187798, 1.4801342302034841, 1.5826232762204557)
pose:(1.0344179623820944, 1.4903554867608575, 1.6298618594021801)
pose:(1.0363586104642053, 1.5009142815971181, 1.5759457572218256)
pose:(1.0364374873880182, 1.5102225088060852, 1.6250535157282378)
pose:(1.0403678756531904, 1.51922332108244, 1.572204579028325)
pose:(1.0374484733329261, 1.5291430254645424, 1.6186923947165002)
pose:(1.0398633756339826, 1.5388677928096315, 1.5654032833449274)
pose:(1.0375609667020491, 1.5483918068618943, 1.6167017827893899)
pose:(1.0414539975350541, 1.5583633024913237, 1.5704875314095847)
pose:(1.0365752631206377, 1.5678074725658206, 1.6181159416413897)
pose:(1.0437213780577574, 1.578454149965419, 1.5747859052306366)
pose:(1.0454931629525472, 1.5875125050975216, 1.6285677931132017)
pose:(1.0448240531755617, 1.5969481702441919, 1.6771565633824286)
pose:(1.0430670665840893, 1.6056096640092894, 1.6190663943918315)
pose:(1.0400522530535838, 1.6143357257896591, 1.6649933172733755)
pose:(1.042513761854148, 1.624400577137608, 1.6107590646636325)
pose:(1.0436645456034535, 1.6334324690264073, 1.6602723205546015)
pose:(1.0422230071756979, 1.6421695522573529, 1.6015193943191508)
pose:(1.0416483552588316, 1.650563045387254, 1.6496940845606127)
pose:(1.0428452681957057, 1.6591130518730302, 1.6931721144829501)
pose:(1.0444485216769086, 1.6680847672670049, 1.6367282390464126)
pose:(1.0481562809104576, 1.6770618786034841, 1.6856100028734371)
pose:(1.0477678611641095, 1.6855567686506538, 1.6299623204163411)
pose:(1.0465274919128116, 1.6931073444181672, 1.6804871505947072)
pose:(1.0430595505105873, 1.7017570175988368, 1.6231974906280628)
pose:(1.0425889937301454, 1.7098081811221708, 1.6749181840117386)
pose:(1.0391998839700474, 1.7178623307991674, 1.6193630590045927)
pose:(1.0376068468940871, 1.7258476636590099, 1.6683025778174909)
pose:(1.0332505053744754, 1.7338163678865042, 1.6105031446689981)
pose:(1.0317168260927791, 1.7418337635743086, 1.6609215395490671)
pose:(1.0329158852975331, 1.7496485967681736, 1.6126601989053111)
pose:(1.0340675814073619, 1.7581027529118536, 1.6670579830091385)
pose:(1.0326940015994237, 1.7663270917019678, 1.6153114159463744)
pose:(1.0316980085401799, 1.7742884119950424, 1.6684109613641922)
pose:(1.0303843931086543, 1.7824289510171396, 1.6167198365698179)
pose:(1.0310186297113386, 1.7903200786362747, 1.6710053082331828)
pose:(1.0312705883759381, 1.7982725694742481, 1.7176930970451927)
pose:(1.029884672480291, 1.8069483451928272, 1.6614356196660944)
pose:(1.028175910674852, 1.8149976485478492, 1.7074584023563641)
pose:(1.026262032475558, 1.8229643096881281, 1.6529793050781514)
pose:(1.0250338315719913, 1.8317358725973416, 1.704182679218883)
pose:(1.0237668458690778, 1.8416565416577606, 1.6551875135431109)
pose:(1.0224395647343787, 1.8510645483610046, 1.7053038902897122)
pose:(1.0208274904660299, 1.859696148124006, 1.6501627225223874)
pose:(1.020113365570755, 1.8687720560263319, 1.7007990245359268)
pose:(1.0189854147901718, 1.8771104960801195, 1.6468330370979698)
pose:(1.0173523944088569, 1.885690163656343, 1.6977924843891743)
pose:(1.0152700995754556, 1.8944322304394947, 1.6469223956292147)
pose:(1.0135971043307663, 1.9033958859781293, 1.6975548756248222)
pose:(1.0120400754211045, 1.9120944364846715, 1.6469038039669215)
pose:(1.0108414798585703, 1.9208277038205246, 1.6974213999976535)
pose:(1.0093360221441394, 1.9292059152320959, 1.6467714904513409)
pose:(1.0080599419544543, 1.9373614877483023, 1.697666611066583)
pose:(1.0062570383801381, 1.9459871915970657, 1.6457360378192183)
pose:(1.0052689888481325, 1.9545089279919483, 1.5975728419680388)
pose:(1.0031215378543812, 1.9631206361620026, 1.6519415840993941)
pose:(1.0016673538399983, 1.9719137057114662, 1.6012021888725538)
pose:(1.0012410605734301, 1.9803913599110261, 1.5588262814161367)
pose:(1.0006015794724992, 1.9896322948386018, 1.618470749743522)
pose:(1.0000140426994795, 1.9983824474163683, 1.5735143854525502)
pose:(0.99894772868257764, 1.9966768027516388, 1.5790962078113302)
pose:(0.99869554756339007, 1.9961929027368928, 1.4675470390413405)
pose:(0.99751161635049268, 1.996837928058965, 1.3630116936152561)
pose:(0.99639015949618559, 1.9980344881108971, 1.2717574274802934)
pose:(0.99618686307395665, 1.9992475772094911, 1.190047382838658)
pose:(0.99511880946262754, 2.0017060640736952, 1.1101029312428303)
pose:(0.99368263848602068, 2.0046507199471133, 1.0394888465657046)
pose:(0.99250313492894571, 2.0077041810171385, 0.97578197463096872)
pose:(0.99174942386197018, 2.0117063264368928, 0.9136088667188601)
pose:(0.99068062790255218, 2.0156902037497133, 0.85931749383503497)
pose:(0.98842346051965435, 2.0205266486986124, 0.80378398287114106)
pose:(0.98629090248762308, 2.0249128791723137, 0.74885367770914557)
pose:(0.98401937776346116, 2.0288067352512114, 0.6934654731856208)
pose:(0.98338600474050164, 2.0329624745908292, 0.62812509663613503)
pose:(0.98245031189254284, 2.0368214536981943, 0.56562084992295125)
pose:(0.98238174909168752, 2.0403809604258116, 0.50437509909026357)
pose:(0.98281746461285635, 2.0432589602349354, 0.43869184852612675)
pose:(0.98469493503199135, 2.0455469783531561, 0.37561087674628868)
pose:(0.99285073505950705, 2.0469392875983488, 0.31365870370483728)
pose:(0.99285073505950705, 2.0469392875983488, 0.19365870370483729)
pose:(0.99285073505950705, 2.0469392875983488, 0.073658703704837292)
pose:(0.99285073505950705, 2.0469392875983488, -0.046341296295162704)
pose:(0.99285073505950705, 2.0469392875983488, -0.1663412962951627)
pose:(0.99285073505950705, 2.0469392875983488, -0.28634129629516269)
pose:(0.99285073505950705, 2.0469392875983488, -0.40634129629516269)
pose:(0.99285073505950705, 2.0469392875983488, -0.52634129629516269)
pose:(0.99285073505950705, 2.0469392875983488, -0.64634129629516268)
pose:(0.99285073505950705, 2.0469392875983488, -0.76634129629516268)
pose:(0.99285073505950705, 2.0469392875983488, -0.88634129629516267)
pose:(0.99285073505950705, 2.0469392875983488, -1.0063412962951626)
pose:(0.99285073505950705, 2.0469392875983488, -1.1263412962951627)
pose:(0.99285073505950705, 2.0469392875983488, -1.2463412962951628)
pose:(0.99285073505950705, 2.0469392875983488, -1.3663412962951629)
pose:(0.99285073505950705, 2.0469392875983488, -1.486341296295163)
pose:(0.99285073505950705, 2.0469392875983488, -1.6063412962951631)
pose:(0.99285073505950705, 2.0469392875983488, -1.7263412962951632)
pose:(0.99285073505950705, 2.0469392875983488, -1.8463412962951633)
pose:(0.99285073505950705, 2.0469392875983488, -1.9663412962951634)
pose:(0.99285073505950705, 2.0469392875983488, -2.0863412962951635)
pose:(0.99285073505950705, 2.0469392875983488, -2.2063412962951636)
pose:(0.99285073505950705, 2.0469392875983488, -2.3263412962951637)
pose:(1.0134171791758002, 2.0173138864347968, -2.3401814099031384)
pose:(1.0134171791758002, 2.0173138864347968, -2.4601814099031385)
pose:(1.0134171791758002, 2.0173138864347968, -2.5801814099031386)
pose:(1.0134171791758002, 2.0173138864347968, -2.7001814099031387)
pose:(1.0134171791758002, 2.0173138864347968, -2.8201814099031388)
pose:(1.0134171791758002, 2.0173138864347968, -2.9401814099031389)
pose:(1.0134171791758002, 2.0173138864347968, -3.060181409903139)
pose:(0.97571795232564928, 2.0266275693651385, -3.0201534867600941)
pose:(0.93989592762620466, 2.0315992271047962, -2.8816056737903892)
pose:(0.90627849605381294, 2.0328304655222049, -2.7614437780554639)
pose:(0.87924586059818377, 2.0336072287329809, -2.6673639306547159)
pose:(0.84999551143252883, 2.0292715585862795, -2.5752719999676663)
pose:(0.82297053681864618, 2.0226670550234807, -2.4951124644245963)
pose:(0.79802779631362719, 2.0141738870548265, -2.4252737793410208)
pose:(0.80741991906012234, 1.9959019597310386, -1.9271319709185839)
pose:(0.79907778872803081, 1.9777104314990608, -1.9761433066776251)
pose:(0.82094530272014465, 1.9512715909345972, -1.5818939009830548)
pose:(0.84870440187437268, 1.9319670334006169, -1.2801720293887091)
pose:(0.87591273663668734, 1.8828387282608545, -1.0665960106351546)
pose:(0.8951762316818036, 1.8857963280536936, -1.3876808585059228)
pose:(0.90722946495512047, 1.8620190823355942, -1.4901546612821888)
pose:(0.91068039778953358, 1.8633602469307178, -1.7085254100599487)
pose:(0.89963826721467521, 1.8482695186651998, -1.891892913708749)
pose:(0.88352265260893292, 1.8381372424379057, -2.0520946327037444)
pose:(0.86682195105146242, 1.830809743349721, -2.0939711446878198)
pose:(0.84765930627935659, 1.8300425306685832, -2.126985948781416)
pose:(0.82546551703940318, 1.8364369714059949, -2.1541712205671617)
pose:(0.80426646275757929, 1.832823644026321, -2.1916999465020721)
pose:(0.79056097382901558, 1.8174537666913042, -2.142601938279407)
pose:(0.77856553636534764, 1.8011396323416982, -2.0935286196862859)
pose:(0.76829355606862704, 1.7839326240504803, -2.0444788027010081)
pose:(0.75975214291342619, 1.7658839774269643, -1.9954510340896532)
pose:(0.75734492227635564, 1.7623265145201341, -1.6022662444224753)
pose:(0.76263404476880847, 1.7621086710506646, -1.3022622374429325)
pose:(0.77403520076851151, 1.7673634847884467, -1.0743686852155681)
pose:(0.78661382378307587, 1.7718975967469777, -0.90187779562211023)
pose:(0.80028234359189221, 1.7792679081681513, -0.7681971870402915)
pose:(0.81399536973304243, 1.7884704617818157, -0.66384518478527732)
pose:(0.82321258177535983, 1.797413931085494, -0.57171573683966814)
pose:(0.83277486917225496, 1.8083020716364788, -0.48714630493362754)
pose:(0.83867765583063447, 1.8187958022685569, -0.4058132863430679)
pose:(0.84478257526163847, 1.8276911086008205, -0.33298722867139463)
pose:(0.84684765078447333, 1.8396787646485186, -0.26448040439923304)
pose:(0.88484577820713439, 1.8254006948598149, -0.51471827694523276)
pose:(0.91919607782142776, 1.8069263379538893, -0.75020898130319402)
pose:(0.94877011219648621, 1.7853261478677416, -0.95275202240044887)
pose:(0.97331830462164792, 1.7618381273132846, -1.1273893684968239)
pose:(0.99299170498969092, 1.7374032729582412, -1.2782494580936246)
pose:(1.0081548652377992, 1.7126959143346134, -1.4087490855134748)
pose:(1.0192670581377281, 1.6881736841262343, -1.5217445276934134)
pose:(1.0268110179374199, 1.6641284688588893, -1.619644349251905)
pose:(1.0312529302752393, 1.6407307168488978, -1.7044943024773038)
pose:(1.0330220963142782, 1.6180649941285357, -1.7780421306986058)
pose:(1.0325024873442898, 1.596157156267904, -1.841787867167771)
pose:(1.030031157954058, 1.5749944254878232, -1.8970235613495336)
pose:(1.0258605844401369, 1.5545660994166179, -1.9461475290143375)
pose:(1.0200415214686795, 1.5349486401967574, -1.9952458487115932)
pose:(1.0126086397559593, 1.5161835700286375, -2.0443194656519865)
pose:(1.0035999981659236, 1.4983075458890907, -2.0933695647388837)
pose:(0.99305697658736536, 1.4813522667000012, -2.1423975957736303)
pose:(0.98102421250938143, 1.4653444300187266, -2.1914052989525419)
pose:(0.96754953998750859, 1.450305742463754, -2.2403947301266411)
pose:(0.95554348590004612, 1.4343521043673921, -2.1913605870925377)
pose:(0.9420933821363664, 1.4192908448365789, -2.2403492563089729)
pose:(0.93008317272577157, 1.4033411885513165, -2.1913140759257228)
pose:(0.91665963627431701, 1.3882559656706008, -2.2403019582594461)
pose:(0.90464735533947649, 1.3723089245227302, -2.1912656937138197)
pose:(0.87895338136627288, 1.426915841527179, -2.0966978291140772)
pose:(0.8678108914421534, 1.4102973963334944, -2.145708404321371)
pose:(0.85527804444423028, 1.3945305103669485, -2.1947003840256865)
pose:(0.8441550751033462, 1.3779540066464273, -2.1456696248349614)
pose:(0.87651843237975247, 1.4001386263692399, -2.0982710414907282)
pose:(0.90874273256509075, 1.4161587164008729, -2.0577883657233125)
pose:(0.93893014751617399, 1.4288165651576874, -2.0207954217159747)
pose:(0.96703377891349807, 1.438066210219326, -1.9866482047352991)
pose:(0.9512084976633387, 1.4712540256164723, -1.9309318544947034)
pose:(0.94545812749845004, 1.4516865337260318, -1.9800334286411103)
pose:(0.93634683900585369, 1.480308920736092, -1.924875246926389)
pose:(0.93066742295677862, 1.460744754213505, -1.9739746597092769)
pose:(0.96149259219510641, 1.4625017157362596, -1.9459161980329784)
pose:(0.98785715844056976, 1.4598448119158229, -1.9273215841813969)
pose:(1.0148294030581608, 1.4561431286024491, -1.9142578370750412)
pose:(1.0409766299260619, 1.4498360693786645, -1.9086200910209246)
pose:(1.0580859306510098, 1.4486302410201444, -1.9063714440624369)
pose:(1.0696339963194019, 1.4473008284946374, -1.9059009840876162)
pose:(1.0783962127064703, 1.4442647291317188, -1.9081026840839579)
pose:(1.081924425668783, 1.4411549986141117, -1.912920736613609)
pose:(1.0857210597398836, 1.4350820201503696, -1.9196347557947335)
pose:(1.0828973892752887, 1.4340566379628221, -1.9237579683437638)
pose:(1.0748398809043329, 1.4331062508206138, -1.9294927310498671)
pose:(1.0652571709036982, 1.432115945177616, -1.9346009471146612)
pose:(1.0577590263649574, 1.4269132805831997, -1.9434666175896673)
pose:(1.0492820254054427, 1.4232652906231016, -1.9517953527056744)
pose:(1.0378345144740573, 1.4205704378093591, -1.9589469536725592)
pose:(1.021801133321087, 1.4174558289060406, -1.9714856965100744)
pose:(1.0107494441741971, 1.4110678205033254, -1.9899272449846062)
pose:(0.9979087559562928, 1.405906878431918, -2.0092427982922594)
pose:(0.98817803618778188, 1.3989566610227413, -2.0330587872501442)
pose:(0.98043836553779995, 1.3889990558487249, -2.0617619819936945)
pose:(0.9729860007929918, 1.379286435127735, -2.0907912880331327)
pose:(0.95487477430573864, 1.3803501564821283, -2.1139728032819938)
pose:(0.94096598021513078, 1.3720425296723808, -2.1471789813736852)
pose:(0.92460048862478417, 1.369587072622797, -2.1762619846725912)
pose:(0.90617033523675394, 1.3667315025404558, -2.2042806625974709)
pose:(0.89191454477441701, 1.3605693590071914, -2.2373422723817966)
pose:(0.88193645986689251, 1.3502472113522785, -2.2723327217922638)
pose:(0.86677346296185875, 1.3459732312866306, -2.2055308899981583)
pose:(0.85142655175463222, 1.338714932869975, -2.2466627791646494)
pose:(0.84212264271641402, 1.3252856577098731, -2.1931233226647375)
pose:(0.82860661925352963, 1.3102112433748776, -2.2421043609175726)
pose:(0.81665787704238535, 1.2988584483880221, -2.1966040017216186)
pose:(0.8094724298505428, 1.2835420700311366, -2.1607081523585467)
pose:(0.8011005487698869, 1.2696507377008557, -2.2286459494038722)
pose:(0.79479292107565003, 1.253931707084752, -2.1953747381912794)
pose:(0.78969120817793537, 1.2378362944195915, -2.1726884972851321)
pose:(0.77991384899426586, 1.2246774319134044, -2.2520609649005325)
pose:(0.77236844730757037, 1.2102425873841607, -2.2286654409831983)
pose:(0.76105836537294835, 1.1943238900964257, -2.2095198118769583)
pose:(0.74983726871007284, 1.1794757850952418, -2.1917361578915719)
pose:(0.74014904836683382, 1.1635065546113275, -2.1791334418740975)
pose:(0.73193059961747831, 1.147226450246537, -2.168851867552656)
pose:(0.71998097294605112, 1.1321315769638602, -2.2572845442853247)
pose:(0.6998678333253775, 1.1200338245498138, -2.2300503974292436)
pose:(0.68984579582703975, 1.1078748408198014, -2.2132489402532158)
pose:(0.6774534298018533, 1.0929318428907449, -2.1959829859491506)
pose:(0.65927123477803473, 1.0800340004715241, -2.1741777547373529)
pose:(0.64766789327189478, 1.0631080367932388, -2.1605860029494286)
pose:(0.63123029578720646, 1.048569016668025, -2.1429874978342429)
pose:(0.62096970134145923, 1.0324318620743185, -2.227663143161402)
pose:(0.60141873234042931, 1.0214496537889983, -2.1970955782775596)
pose:(0.58698364605396791, 1.0055292674319394, -2.1674644038876032)
pose:(0.5710057386937536, 0.99197341678234896, -2.1370271287881546)
pose:(0.55790948807935781, 0.97867469031462773, -2.1110322315560022)
pose:(0.54344845210208736, 0.9642982280759711, -2.1864921368187442)
pose:(0.52901179307580892, 0.95060597143941217, -2.1536034936451944)
pose:(0.51738643360594838, 0.93621723579063176, -2.1225350903380202)
pose:(0.50584161847693832, 0.92155774353567077, -2.1893109412949618)
pose:(0.49483797928441231, 0.90695735879190276, -2.1490467804692228)
pose:(0.48594292285287899, 0.89205901701884593, -2.1112606192171772)
pose:(0.47579713791758882, 0.88040376479665061, -2.1737319241348039)
pose:(0.46458690989340945, 0.86466507384797231, -2.1327803934076379)
pose:(0.45319881944423057, 0.84773837809998265, -2.088489309414451)
pose:(0.44285465157574477, 0.83147452451767789, -2.137480084484221)
pose:(0.43678026333957876, 0.81453251685380168, -2.0910362774685356)
pose:(0.42908817380450487, 0.79772700656346096, -2.1497768694347266)
pose:(0.42078480598495738, 0.78194467456919559, -2.1012629124203426)
pose:(0.4066865834081379, 0.76914092963763758, -2.1497029073619567)
pose:(0.39532447604958298, 0.75410996687942633, -2.0994457146090308)
pose:(0.37704248109347549, 0.74322523129122831, -2.1451721657339711)
pose:(0.36635043546551443, 0.729825732564367, -2.0904891884028465)
pose:(0.35512802573418195, 0.71532128024874952, -2.1424843298787013)
pose:(0.34785998318762973, 0.7008184531540631, -2.0898082052256313)
pose:(0.34146435106538614, 0.6866545749106403, -2.1399631563101416)
pose:(0.32983920176556336, 0.67235704200726421, -2.0850645501734015)
pose:(0.31820352373251198, 0.65889041571889606, -2.1321672599978174)
pose:(0.31117557450558364, 0.64327008274253406, -2.0826552214449072)
pose:(0.30046896833132469, 0.62942796434172021, -2.1318081320998674)
pose:(0.29976260529638482, 0.61460696154234296, -2.0871444361111045)
pose:(0.29515192995208328, 0.60007866569151436, -2.1430260286774589)
pose:(0.29031036278093747, 0.58724502876355067, -2.0964822365752935)
pose:(0.28444005079886647, 0.57306616642172203, -2.053118199792856)
pose:(0.27246986565880615, 0.56308850776024144, -2.1060948415866712)
pose:(0.27065075726292359, 0.5479674552387257, -2.0658560979002494)
pose:(0.26199131211784765, 0.53666309810065271, -2.1218873644954965)
pose:(0.25553767138087541, 0.5229753103954039, -2.0761382413116767)
pose:(0.25482403723984659, 0.51068710695265307, -2.1390246897055585)
pose:(0.24314101999452559, 0.49894668240033391, -2.0881982083995863)
pose:(0.2422486343875874, 0.48656924495113335, -2.0537525021182708)
pose:(0.23949121293458603, 0.47451046702050548, -2.1199551212406016)
pose:(0.23384048371613328, 0.4628296279978894, -2.0787904234447576)
pose:(0.22596238507598249, 0.45188086796803323, -2.1382994742383588)
pose:(0.21840473209855132, 0.4412639812372115, -2.0908112521660627)
pose:(0.21208945687226652, 0.42934532697495126, -2.0496071502173572)
pose:(0.20740922076843793, 0.41776740680980556, -2.1109123486940349)
pose:(0.20231564253612114, 0.40588396405580285, -2.0692555604746401)
pose:(0.194801977898305, 0.39560730150266959, -2.1254303340170049)
pose:(0.18564056675183099, 0.38546224453374844, -2.0772086989303684)
pose:(0.17713975074379421, 0.37394477484541355, -2.1272937818408719)
pose:(0.17153244647762103, 0.36424654728486039, -2.0761980027432139)
pose:(0.16711498485866599, 0.35291029639034238, -2.1315253919013863)
pose:(0.16073142868521609, 0.34381561890777429, -2.0794202178307195)
pose:(0.15748402095946809, 0.33474544005511975, -2.0377330512531979)
pose:(0.15648567183910683, 0.32475487927290492, -2.1006350409876293)
pose:(0.14942204033209636, 0.31596953109396503, -2.0464518054872931)
pose:(0.14225515740362082, 0.30758730804132006, -2.0972325695611245)
pose:(0.13919254770215006, 0.29874789795709505, -2.0485691038305771)
pose:(0.13379870246396219, 0.29039113544556727, -2.1005965253445269)
pose:(0.13231976546572463, 0.28166925117145786, -2.0529124076052718)
pose:(0.12512516614031322, 0.27294845102665172, -2.1039878786646855)
pose:(0.12072816022726549, 0.2643212259704914, -2.0530755034750054)
pose:(0.11465459000611937, 0.25590541995982191, -2.1058739425400108)
pose:(0.11089481280639257, 0.2474943303630972, -2.0547761366833437)
pose:(0.10619813965978427, 0.23944572144973367, -2.1043200072150108)
pose:(0.10398886855453732, 0.23115946315801747, -2.0549533178364121)
pose:(0.098777441355865095, 0.22334045217298942, -2.1027794699163693)
pose:(0.094805920917002962, 0.21651979372617464, -2.0500057224123616)
pose:(0.091371122386380163, 0.20863883628427532, -2.0036320743352856)
pose:(0.086466200017795314, 0.2002913385658007, -2.0591939761115494)
pose:(0.085003670083373714, 0.19241784197939835, -2.0134535749698119)
pose:(0.080950978638417492, 0.18337983681931813, -2.0669305786573315)
pose:(0.078413868447224727, 0.17683247565876273, -2.0194480911053088)
pose:(0.074604268016525477, 0.16894085490825131, -2.0752401579394144)
pose:(0.071549386699081965, 0.16172105878410512, -2.028295293448235)
pose:(0.06959107827431868, 0.15316882157028822, -2.0856074160711273)
pose:(0.064997450004087215, 0.14599610380972278, -2.0334881587714921)
pose:(0.060966188302600824, 0.13862827477143183, -2.0871897197560685)
pose:(0.05944560282149771, 0.13134425838647057, -2.040212258314924)
pose:(0.05556591030668559, 0.12383723627453153, -2.0871089125077207)
pose:(0.052763660273677376, 0.11725171601851346, -2.0340661362960346)
pose:(0.050057068041846786, 0.10982107164993389, -2.0852706528941529)
pose:(0.046541020236190438, 0.10299877260282454, -2.0300355000776511)
pose:(0.041736818450611439, 0.09416877259082794, -2.0814161184993907)
pose:(0.039047537703447946, 0.086107726305535121, -2.0308373084459888)
pose:(0.035051235660894561, 0.078571341286640312, -2.0806493587344219)
pose:(0.031088217146226005, 0.071165777196079333, -2.0287548797879249)
pose:(0.02722400089707647, 0.063273116396043355, -2.0796191235571326)
pose:(0.024000014855652754, 0.055576695274253241, -2.0288275958608128)
pose:(0.021211979700132621, 0.047940616285551255, -2.0792549242394154)
pose:(0.017691706000303831, 0.041673377470752226, -2.0264674244942364)
pose:(0.015092954553868273, 0.033845491818778495, -2.0782547524062096)
pose:(0.012075579104062394, 0.027785498674619463, -2.0255570218630683)
pose:(0.0086195908662598051, 0.020428270667322373, -2.0767642808710378)
pose:(0.0051475911384861461, 0.013936855311893495, -2.0259901437065033)
pose:(0.0027873209433430094, 0.0064479813538184877, -2.0794945833513254)
pose:(0.0032183398352757498, 0.0079340948705854675, -2.0794882190247104)
pose:(0.0033584050378124724, 0.0087323211547395817, -2.196769422538567)
pose:(0.0022596241674593927, 0.00977475201266996, -2.3030233114076202)
pose:(0.0026612889262551116, 0.0096366051459589458, -2.4020872029335401)
pose:(0.00081956875949453444, 0.0094190047242359975, -2.4884196102444207)
pose:(-0.00085533437638991871, 0.0073884520993957791, -2.5660117244270331)
pose:(-0.0021950272292927085, 0.0043667106119938759, -2.6380532054083021)
pose:(-0.0045396805572022487, 0.0010677085250557403, -2.7012378986287651)
pose:(-0.0075204640836718066, -0.0020535108073425554, -2.7588156487752302)
pose:(-0.01047864016931929, -0.0061560765875077333, -2.8098729921538528)
pose:(-0.015802040641946499, -0.010034686070764423, -2.8536724597300167)
pose:(-0.022123283860701233, -0.013755137669840932, -2.8946309072562926)
pose:(-0.030165091732779665, -0.017008313803995909, -2.9323587219932623)
pose:(-0.030165091732779665, -0.017008313803995909, -3.0523587219932624)
pose:(-0.030165091732779665, -0.017008313803995909, -3.1723587219932625)
pose:(-0.030165091732779665, -0.017008313803995909, -3.2923587219932626)
pose:(-0.030165091732779665, -0.017008313803995909, -3.4123587219932627)
pose:(-0.030165091732779665, -0.017008313803995909, -3.5323587219932628)
pose:(-0.030165091732779665, -0.017008313803995909, -3.6523587219932629)
pose:(-0.030165091732779665, -0.017008313803995909, -3.7723587219932631)
pose:(-0.030165091732779665, -0.017008313803995909, -3.8923587219932632)
pose:(-0.030165091732779665, -0.017008313803995909, -4.0123587219932633)
pose:(-0.030165091732779665, -0.017008313803995909, -4.1323587219932634)
pose:(-0.030165091732779665, -0.017008313803995909, -4.2523587219932635)
pose:(-0.030165091732779665, -0.017008313803995909, -4.3723587219932636)
pose:(-0.030165091732779665, -0.017008313803995909, -4.4923587219932637)
pose:(-0.030165091732779665, -0.017008313803995909, -4.6123587219932638)
pose:(-0.030165091732779665, -0.017008313803995909, -4.7323587219932639)
pose:(-0.030165091732779665, -0.017008313803995909, -4.852358721993264)
pose:(-0.030165091732779665, -0.017008313803995909, -4.9723587219932641)
pose:(-0.030165091732779665, -0.017008313803995909, -5.0923587219932642)
pose:(-0.030165091732779665, -0.017008313803995909, -5.2123587219932643)
pose:(-0.030165091732779665, -0.017008313803995909, -5.3323587219932644)
pose:(-0.030165091732779665, -0.017008313803995909, -5.4523587219932645)
pose:(-0.030165091732779665, -0.017008313803995909, -5.5723587219932647)
pose:(-0.030165091732779665, -0.017008313803995909, -5.6923587219932648)
pose:(-0.030165091732779665, -0.017008313803995909, -5.8123587219932649)
pose:(-0.030165091732779665, -0.017008313803995909, -5.932358721993265)
pose:(-0.030165091732779665, -0.017008313803995909, -6.0523587219932651)
pose:(-0.030165091732779665, -0.017008313803995909, -6.1723587219932652)
